H   1.6710000e-001  2.5630000e-001  3.9300000e-002  5.9600000e-002  7.8000000e-003  4.8425205e-001  6.0583000e+000  2.0309300e+001  7.0297300e+001  1.3067000e+000  1.0200000e-002  8.3595101e+000
He  1.2270000e-001  1.5790000e-001  8.9000000e-003  9.2600000e-002  3.5800000e-002  3.7833600e-001  1.4124800e+001  5.0260000e+000  3.6935600e+001  1.6644000e+000  2.8320000e-001  3.3954970e+000
Li  7.7620000e-001  6.4400000e-002  2.1180000e-001  1.0882000e+000  1.1218000e+000  3.0261348e+000  1.6259100e+001  3.2540000e-001  2.5832000e+000  8.5631500e+001  8.0550800e+001  3.6228769e+001
Be  1.9700000e-002  1.5392000e+000  2.9900000e-001  1.2830000e-001  1.0548000e+000  2.8167684e+000  2.4300000e-002  5.2248800e+001  4.1219000e+000  8.2020000e-001  1.5659000e+001  1.8774981e+001
B   4.4410000e-001  7.2000000e-002  1.1248000e+000  9.7940000e-001  1.6950000e-001  2.5639936e+000  5.2074000e+000  2.3740000e-001  1.5043600e+001  4.4656300e+001  1.4821000e+000  1.2174039e+001
C   1.0392000e+000  5.2550000e-001  2.2460000e-001  8.6100000e-002  6.3260000e-001  2.2919265e+000  1.5479900e+001  4.2517800e+001  1.5692000e+000  2.3900000e-001  5.5375000e+000  8.5072552e+000
N   9.2710000e-001  4.7020000e-001  6.1100000e-002  5.4870000e-001  2.0470000e-001  2.0144937e+000  1.1002700e+001  3.2105100e+001  1.3080000e-001  3.8783000e+000  1.0445000e+000  6.1263827e+000
O   7.1180000e-001  2.5610000e-001  6.4030000e-001  2.7670000e-001  9.8300000e-002  1.8039608e+000  1.1598900e+001  2.9781100e+001  4.4138000e+000  1.3555000e+000  2.1030000e-001  4.6539529e+000
F   2.9170000e-001  6.2230000e-001  6.2570000e-001  1.6320000e-001  9.8300000e-002  1.6349952e+000  1.2215000e+000  1.0643500e+001  3.9383000e+000  2.7619100e+001  1.8460000e-001  3.6720716e+000
Ne  1.2500000e-001  1.6440000e-001  4.6320000e-001  5.4520000e-001  3.5410000e-001  1.4964755e+000  2.1620000e-001  2.2164000e+001  9.1228000e+000  3.9942000e+000  1.3653000e+000  2.9787152e+000
Na  1.0417000e+000  6.8920000e-001  1.9960000e-001  1.2693000e+000  1.5679000e+000  3.8935541e+000  1.2420300e+001  2.1683000e+000  3.1580000e-001  1.3109380e+002  6.2992600e+001  1.5612804e+001
Mg  6.9460000e-001  1.7040000e-001  2.0512000e+000  1.8009000e+000  4.8410000e-001  4.5258872e+000  5.5229000e+000  2.4620000e-001  7.7561300e+001  2.4347200e+001  1.5433000e+000  1.5457775e+001
Al  5.2170000e-001  1.9440000e-001  7.9330000e-001  2.4057000e+000  1.9661000e+000  5.2083196e+000  1.6064000e+000  2.5960000e-001  6.3070000e+000  2.4163700e+001  7.8174900e+001  1.5602228e+001
Si  1.8563000e+000  8.4240000e-001  4.8600000e-001  2.4408000e+000  1.9540000e-001  5.2123558e+000  6.1665600e+001  5.6894000e+000  1.4450000e+000  1.9837700e+001  2.4300000e-001  1.3081809e+001
P   2.2615000e+000  1.8096000e+000  4.3990000e-001  7.8820000e-001  1.8170000e-001  4.9482361e+000  1.5054000e+001  4.5218200e+001  1.2297000e+000  4.6428000e+000  2.1000000e-001  1.0518414e+001
S   1.0234000e+000  1.2139000e+000  4.9320000e-001  2.1986000e+000  2.2930000e-001  4.6763903e+000  5.5511000e+000  4.1878100e+001  1.4617000e+000  1.5456800e+001  2.4770000e-001  8.6342699e+000
Cl  5.0370000e-001  2.4460000e-001  9.5810000e-001  1.9974000e+000  1.1525000e+000  4.4163166e+000  1.4730000e+000  2.4890000e-001  3.6551500e+001  1.4221300e+001  5.4897000e+000  7.2178877e+000
Ar  8.9420000e-001  1.9768000e+000  1.0700000e-001  1.1841000e+000  4.1590000e-001  4.1740964e+000  3.4094000e+000  9.8793000e+000  7.6300000e-002  2.7197600e+001  7.5960000e-001  6.1248491e+000
K   3.3710000e-001  8.8780000e-001  2.5273000e+000  2.4758000e+000  2.6079000e+000  7.1678645e+000  3.3150000e-001  2.2665000e+000  9.0998000e+000  1.0183500e+002  8.5605200e+001  1.4801511e+001
Ca  6.1730000e-001  2.8850000e-001  1.6416000e+000  2.1460000e+000  5.1654000e+000  8.3742353e+000  1.6400000e+000  2.4680000e-001  5.5582000e+000  1.8016500e+001  8.6456500e+001  1.6963055e+001
Sc  1.7260000e+000  2.3637000e+000  2.9890000e-001  4.1911000e+000  6.9740000e-001  7.8555632e+000  5.6109000e+000  2.0827000e+001  2.4460000e-001  8.3914500e+001  1.6783000e+000  1.4281269e+001
Ti  1.7508000e+000  2.4914000e+000  7.5280000e-001  3.0700000e-001  3.4557000e+000  7.3802404e+000  5.5714000e+000  2.2179800e+001  1.6591000e+000  2.4480000e-001  8.2786400e+001  1.2274818e+001
V   3.2250000e-001  2.4858000e+000  8.1230000e-001  2.9576000e+000  1.7139000e+000  6.9524665e+000  2.4770000e-001  2.2382100e+001  1.6916000e+000  8.0541000e+001  5.4920000e+000  1.0682327e+001
Cr  1.6778000e+000  8.3990000e-001  1.9966000e+000  3.1650000e-001  2.1247000e+000  5.6969679e+000  5.2661000e+000  1.6077000e+000  2.0103000e+001  2.3280000e-001  8.2488200e+001  7.4621598e+000
Mn  8.9700000e-001  2.3635000e+000  3.2960000e-001  1.6190000e+000  2.2893000e+000  6.2259660e+000  1.6174000e+000  7.4158300e+001  2.4640000e-001  5.2368000e+000  2.1239100e+001  8.3394643e+000
Fe  9.6410000e-001  3.3970000e-001  2.1773000e+000  2.0815000e+000  1.5664000e+000  5.9008643e+000  1.6217000e+000  2.3410000e-001  2.1195000e+001  7.0715400e+001  5.3081000e+000  7.4178202e+000
Co  2.0668000e+000  1.4921000e+000  3.4770000e-001  9.5720000e-001  1.9833000e+000  5.6333219e+000  1.9771100e+001  5.0028000e+000  2.3150000e-001  1.5690000e+000  6.8309700e+001  6.7043022e+000
Ni  1.8929000e+000  1.9648000e+000  9.2750000e-001  1.4477000e+000  3.2880000e-001  5.3764097e+000  6.4427200e+001  1.8286900e+001  1.4276000e+000  4.5981000e+000  2.0910000e-001  6.0641968e+000
Cu  1.4292000e+000  9.8190000e-001  1.2946000e+000  3.4480000e-001  1.5426000e+000  4.5084627e+000  4.7334000e+000  1.4435000e+000  7.1892100e+001  2.2580000e-001  1.8328500e+001  4.4288982e+000
Zn  1.5439000e+000  1.7832000e+000  1.0213000e+000  1.3392000e+000  3.7220000e-001  4.9249538e+000  6.2039300e+001  1.8485400e+001  1.4805000e+000  4.7984000e+000  2.2500000e-001  5.0339440e+000
Ga  1.1303000e+000  1.3643000e+000  4.0970000e-001  2.3827000e+000  1.8133000e+000  5.7722435e+000  1.5844000e+000  5.5819000e+000  2.4140000e-001  2.2096200e+001  7.6156700e+001  6.5096023e+000
Ge  2.6367000e+000  1.3324000e+000  4.0290000e-001  1.0846000e+000  1.9141000e+000  6.1387707e+000  1.9784900e+001  5.2086000e+000  2.2980000e-001  1.4807000e+000  6.4082000e+001  6.8916137e+000
As  2.6865000e+000  1.2748000e+000  3.8530000e-001  1.0297000e+000  1.9382000e+000  6.2212049e+000  1.6749300e+001  4.7274000e+000  2.1250000e-001  1.3530000e+000  5.0806700e+001  6.6443387e+000
Se  1.1632000e+000  1.0534000e+000  2.7186000e+000  3.9580000e-001  1.8692000e+000  6.2131481e+000  4.6405000e+000  1.3573000e+000  1.4675400e+001  2.1040000e-001  4.2784400e+001  6.2558531e+000
Br  2.7310000e+000  1.6535000e+000  1.2619000e+000  4.0150000e-001  1.0081000e+000  6.1536912e+000  1.3848100e+001  3.8120500e+001  4.6020000e+000  2.0980000e-001  1.2880000e+000  5.8307714e+000
Kr  2.7163000e+000  1.2399000e+000  1.6285000e+000  3.6680000e-001  9.4330000e-001  6.0627969e+000  1.2080000e+001  4.0874000e+000  3.2879100e+001  1.9770000e-001  1.1280000e+000  5.4055833e+000
Rb  4.6370000e-001  8.6570000e-001  5.7261000e+000  3.6288000e+000  9.6550000e-001  9.1497675e+000  2.4200000e-001  1.1826000e+000  1.0660060e+002  1.1243100e+001  4.0022000e+000  1.1081191e+001
Sr  3.0069000e+000  1.7449000e+000  6.5739000e+000  1.1999000e+000  5.0620000e-001  1.0694014e+001  1.5593500e+001  6.2286000e+000  9.2040900e+001  1.5694000e+000  2.3740000e-001  1.3737820e+001
Y   2.2413000e+000  3.2281000e+000  1.0127000e+000  5.6088000e+000  4.9370000e-001  1.0475500e+001  5.5921000e+000  1.8411300e+001  1.3346000e+000  8.3301500e+001  2.3610000e-001  1.2310645e+001
Zr  5.0900000e-001  3.5092000e+000  1.0341000e+000  4.5954000e+000  2.4670000e+000  1.0128803e+001  2.3410000e-001  2.0516700e+001  1.3658000e+000  8.2129100e+001  5.6990000e+000  1.0946254e+001
Nb  2.5661000e+000  1.0335000e+000  3.3941000e+000  3.1423000e+000  5.0830000e-001  8.8793321e+000  5.5531000e+000  1.3433000e+000  1.9722300e+001  8.1382000e+001  2.2650000e-001  8.3011872e+000
Mo  2.6130000e+000  3.2953000e+000  5.3700000e-001  1.0379000e+000  2.7607000e+000  8.5656050e+000  5.4630000e+000  1.9145800e+001  2.3430000e-001  1.3838000e+000  7.8542600e+001  7.4877597e+000
Tc  2.6630000e+000  3.4140000e+000  1.0671000e+000  5.5630000e-001  3.1287000e+000  9.0818749e+000  5.4012000e+000  1.9741600e+001  1.4296000e+000  2.3520000e-001  7.3447500e+001  7.9571878e+000
Ru  2.2004000e+000  3.0256000e+000  1.0724000e+000  5.6670000e-001  2.6688000e+000  7.9981445e+000  7.3313200e+001  1.8013000e+001  1.4301000e+000  2.3450000e-001  5.2267000e+000  6.1986094e+000
Rh  2.6577000e+000  2.9019000e+000  5.6140000e-001  1.0653000e+000  2.0332000e+000  7.7363994e+000  4.9678000e+000  1.7068400e+001  2.3870000e-001  1.3751000e+000  7.0729900e+001  5.6766407e+000
Pd  2.5413000e+000  2.1993000e+000  5.2590000e-001  9.3840000e-001  1.3647000e+000  6.6306673e+000  1.1304400e+001  4.0573000e+000  2.0840000e-001  1.2112000e+000  3.7281000e+001  4.2440956e+000
Ag  1.8384000e+000  2.3312000e+000  2.7903000e+000  1.0877000e+000  6.1260000e-001  7.2316086e+000  6.5840200e+001  1.6674800e+001  4.4648000e+000  1.6473000e+000  2.2080000e-001  4.6835147e+000
Cd  2.6685000e+000  2.1385000e+000  2.6325000e+000  1.1951000e+000  5.8890000e-001  7.6993727e+000  1.6833300e+001  6.2489200e+001  4.7990000e+000  1.4484000e+000  2.2290000e-001  5.2136658e+000
In  2.6440000e+000  3.1524000e+000  2.6224000e+000  6.3440000e-001  1.3668000e+000  8.5615896e+000  5.1688000e+000  2.0158500e+001  7.4915600e+001  2.3570000e-001  1.6104000e+000  6.1225183e+000
Sn  2.5195000e+000  1.3462000e+000  3.4633000e+000  6.2550000e-001  2.8933000e+000  9.0162582e+000  4.8336000e+000  1.5451000e+000  1.8935200e+001  2.2870000e-001  6.5480700e+001  6.4838914e+000
Sb  1.3188000e+000  3.0205000e+000  2.4045000e+000  6.1210000e-001  3.6070000e+000  9.2499959e+000  1.4835000e+000  5.4825900e+001  4.4975000e+000  2.1800000e-001  1.7312000e+001  6.5301186e+000
Te  1.3955000e+000  2.2768000e+000  3.7388000e+000  6.1980000e-001  2.9538000e+000  9.3852193e+000  1.4883000e+000  4.5170000e+000  1.6359900e+001  2.1850000e-001  4.8321900e+001  6.4426962e+000
I   2.1533000e+000  3.8460000e+000  1.4118000e+000  2.8707000e+000  6.1610000e-001  9.4069307e+000  4.3665000e+000  1.5085300e+001  1.4545000e+000  4.2940800e+001  2.1330000e-001  6.2357455e+000
Xe  3.9274000e+000  2.0577000e+000  2.8684000e+000  5.9810000e-001  1.3354000e+000  9.3925164e+000  1.3594300e+001  3.9880000e+000  3.7947600e+001  2.0360000e-001  1.3570000e+000  6.0002941e+000
Cs -6.6760000e-001  5.5571000e+000  7.4047000e+000  3.1363000e+000  9.4800000e-001  1.2774270e+001  1.1620770e+002  1.6173600e+001  1.3053510e+002  3.0163000e+000  3.1510000e-001  1.0286851e+001
Ba  4.9425000e+000  1.7545000e+000  1.5258000e+000  6.5310000e-001  9.2106000e+000  1.4603323e+001  1.2812600e+001  4.4419000e+000  1.4331000e+000  2.2070000e-001  9.4692400e+001  1.2687572e+001
La  2.2875000e+000  4.9018000e+000  8.1591000e+000  6.6080000e-001  1.5861000e+000  1.4464355e+001  4.8334000e+000  1.4977100e+001  8.5648400e+001  2.1460000e-001  1.4768000e+000  1.1786826e+001
Ce  4.7170000e+000  2.3595000e+000  6.5370000e-001  7.7855000e+000  1.6735000e+000  1.4069634e+001  1.5215400e+001  4.9884000e+000  2.0640000e-001  8.5029000e+001  1.4784000e+000  1.1105965e+001
Pr  1.4556000e+000  7.9891000e+000  6.8980000e-001  2.1328000e+000  4.4767000e+000  1.3413441e+001  1.2831000e+000  8.8558100e+001  2.4150000e-001  4.5188000e+000  1.2986500e+001  1.0456606e+001
Nd  2.2056000e+000  1.5448000e+000  6.0450000e-001  4.2878000e+000  7.6905000e+000  1.3046601e+001  4.3697000e+000  1.2638000e+000  1.8620000e-001  1.3008800e+001  8.5979400e+001  9.8415244e+000
Pm  2.2450000e+000  1.6102000e+000  6.4100000e-001  4.0937000e+000  7.4307000e+000  1.2711364e+001  4.5693000e+000  1.3109000e+000  1.9710000e-001  1.3239200e+001  8.6904800e+001  9.3468479e+000
Sm  1.6045000e+000  2.2588000e+000  6.5590000e-001  7.1214000e+000  4.0662000e+000  1.2413069e+001  1.3015000e+000  4.4541000e+000  2.0030000e-001  8.7027900e+001  1.3514800e+001  8.8969326e+000
Eu  3.8096000e+000  2.3219000e+000  1.6964000e+000  6.8680000e-001  6.9420000e+000  1.2137079e+001  1.3756400e+001  4.7841000e+000  1.3480000e+000  2.0860000e-001  8.7783400e+001  8.4952941e+000
Gd  3.8749000e+000  2.7972000e+000  6.9630000e-001  1.7629000e+000  6.0304000e+000  1.2123117e+001  1.7052200e+001  5.2416000e+000  2.0740000e-001  1.3628000e+000  8.3190300e+001  8.2150437e+000
Tb  6.4980000e-001  1.6649000e+000  3.5427000e+000  2.4159000e+000  6.5029000e+000  1.1538771e+001  1.9910000e-001  1.2318000e+000  1.3792600e+001  4.5019000e+000  8.3340900e+001  7.6632259e+000
Dy  2.4738000e+000  6.1335000e+000  1.7776000e+000  6.9590000e-001  3.4270000e+000  1.1285866e+001  4.8493000e+000  8.5489900e+001  1.3396000e+000  1.9690000e-001  1.4832000e+001  7.3161345e+000
Ho  1.8098000e+000  7.4450000e-001  3.6104000e+000  5.2182000e+000  2.9453000e+000  1.1354792e+001  1.3701000e+000  2.1330000e-001  1.9166400e+001  8.2891000e+001  5.4014000e+000  7.2118811e+000
Er  2.5628000e+000  1.7106000e+000  6.9490000e-001  3.2366000e+000  5.7506000e+000  1.0790973e+001  4.6974000e+000  1.2429000e+000  1.9550000e-001  1.5011600e+001  8.3500200e+001  6.6927164e+000
Tm  1.7198000e+000  5.5250000e+000  2.6164000e+000  7.3770000e-001  3.1045000e+000  1.0555245e+001  1.2690000e+000  8.3942900e+001  4.8412000e+000  2.0770000e-001  1.5575800e+001  6.4053893e+000
Yb  7.3720000e-001  3.0525000e+000  2.5715000e+000  1.7210000e+000  5.3674000e+000  1.0318969e+001  2.0460000e-001  1.5538400e+001  4.7264000e+000  1.2520000e+000  8.3149600e+001  6.1203013e+000
Lu  1.8020000e+000  7.8690000e-001  3.4122000e+000  2.8794000e+000  4.5570000e+000  1.0511261e+001  1.3302000e+000  2.1390000e-001  2.0186500e+001  5.2475000e+000  8.1912500e+001  6.2027288e+000
Hf  3.9427000e+000  3.6345000e+000  1.8274000e+000  8.2190000e-001  2.9228000e+000  1.0443628e+001  7.7018600e+001  2.0892500e+001  1.3673000e+000  2.2050000e-001  5.3852000e+000  5.9758854e+000
Ta  8.3270000e-001  3.7562000e+000  2.9475000e+000  1.8085000e+000  3.4870000e+000  1.0308592e+001  2.2080000e-001  2.0369700e+001  5.3281000e+000  1.3533000e+000  7.2626000e+001  5.6887424e+000
W   8.2960000e-001  3.1549000e+000  2.9461000e+000  1.7764000e+000  3.8167000e+000  1.0152480e+001  2.1600000e-001  6.8527800e+001  5.1589000e+000  1.3249000e+000  1.9361000e+001  5.4016866e+000
Re  3.7785000e+000  2.9524000e+000  1.7648000e+000  8.5410000e-001  2.8968000e+000  1.0007547e+001  1.8506200e+001  5.1211000e+000  1.3309000e+000  2.2020000e-001  6.4222100e+001  5.1362687e+000
Os  3.7057000e+000  2.8390000e+000  8.1610000e-001  1.6999000e+000  2.8998000e+000  9.8442629e+000  1.6558400e+001  5.8170300e+001  2.0700000e-001  1.2417000e+000  4.7727000e+000  4.8739132e+000
Ir  1.6972000e+000  8.4630000e-001  3.6636000e+000  2.5472000e+000  2.9490000e+000  9.6825991e+000  1.2614000e+000  2.1260000e-001  1.6300800e+001  5.6713900e+001  4.7925000e+000  4.6298737e+000
Pt  3.3756000e+000  1.9202000e+000  1.6818000e+000  8.7010000e-001  2.9537000e+000  9.0346395e+000  1.5020400e+001  5.3369000e+001  1.2708000e+000  2.1620000e-001  4.7357000e+000  4.0054418e+000
Au  8.2390000e-001  1.6166000e+000  3.3603000e+000  1.8342000e+000  2.9307000e+000  8.8802276e+000  2.0150000e-001  1.1760000e+000  1.3841400e+001  5.0201600e+001  4.4106000e+000  3.8126648e+000
Hg  3.3429000e+000  1.9700000e+000  1.6900000e+000  9.1450000e-001  3.0414000e+000  9.1820864e+000  1.4955100e+001  5.1235900e+001  1.3061000e+000  2.2090000e-001  4.7166000e+000  3.9730534e+000
Tl  2.4154000e+000  3.7157000e+000  1.7410000e+000  3.2675000e+000  9.4690000e-001  9.9206801e+000  6.6871900e+001  1.7570800e+001  1.3552000e+000  4.9322000e+000  2.2580000e-001  4.4937980e+000
Pb  1.7524000e+000  9.3810000e-001  2.7140000e+000  3.9155000e+000  3.2667000e+000  1.0366135e+001  1.3349000e+000  2.2020000e-001  6.1863600e+001  1.7493700e+001  4.8583000e+000  4.7663923e+000
Bi  3.1838000e+000  4.1659000e+000  9.5450000e-001  3.0415000e+000  1.7389000e+000  1.0827875e+001  4.7027000e+000  1.6989400e+001  2.2150000e-001  5.7515500e+001  1.3394000e+000  5.0458246e+000
Po  3.0981000e+000  1.6868000e+000  9.2550000e-001  4.3552000e+000  3.2795000e+000  1.1142386e+001  4.4110000e+000  1.2698000e+000  2.1190000e-001  1.5902000e+001  5.1252700e+001  5.1866609e+000
At  4.4662000e+000  3.0129000e+000  3.3002000e+000  1.7249000e+000  9.5160000e-001  1.1339762e+001  1.5368200e+001  4.4009000e+000  4.6531300e+001  1.3060000e+000  2.1540000e-001  5.2190621e+000
Rn  4.6212000e+000  2.9312000e+000  1.6640000e+000  9.1540000e-001  3.3501000e+000  1.1460125e+001  1.4281200e+001  4.1129000e+000  1.2241000e+000  2.0460000e-001  4.2080700e+001  5.1838305e+000
Fr  6.1052000e+000 -3.1440000e-001  3.0127000e+000  8.0414000e+000  1.3720000e+000  1.4290911e+001  1.1278200e+001  7.7941400e+001  2.3975000e+000  8.8881900e+001  3.0740000e-001  7.7073061e+000
Ra  2.7718000e+000  1.5937000e+000  9.1922000e+000  5.8530000e+000  8.4000000e-001  1.6098730e+001  3.6817000e+000  1.0968000e+000  8.8447300e+001  1.3421200e+001  1.7980000e-001  9.4541970e+000
Ac  3.1041000e+000  1.9460000e+000  5.7975000e+000  8.4287000e+000  1.0283000e+000  1.6431636e+001  4.8348000e+000  1.4065000e+000  1.6195200e+001  8.4279200e+001  2.2490000e-001  9.4485308e+000
Th  1.0606000e+000  6.1558000e+000  2.1278000e+000  7.2005000e+000  3.5299000e+000  1.6463154e+001  2.2770000e-001  1.9169300e+001  1.5027000e+000  8.3184200e+001  5.4688000e+000  9.1546468e+000
Pa  3.3789000e+000  2.1098000e+000  7.2538000e+000  1.0752000e+000  5.6246000e+000  1.5726619e+001  5.2199000e+000  1.4957000e+000  8.3086100e+001  2.3010000e-001  1.7257000e+001  8.3553022e+000
U   2.1845000e+000  1.0774000e+000  5.4600000e+000  3.5175000e+000  6.8170000e+000  1.5372484e+001  1.5185000e+000  2.2610000e-001  1.7553600e+001  5.3832000e+000  8.3920200e+001  7.8841492e+000
Np  1.0605000e+000  5.3227000e+000  2.1706000e+000  6.4498000e+000  3.6607000e+000  1.5043080e+001  2.2090000e-001  1.7667300e+001  1.4668000e+000  8.2638500e+001  5.3317000e+000  7.4604744e+000
Pu  5.0018000e+000  3.3635000e+000  1.0312000e+000  2.0638000e+000  6.5815000e+000  1.4303495e+001  1.5039600e+001  4.7751000e+000  2.1180000e-001  1.3854000e+000  8.3801200e+001  6.7743713e+000
Am  2.1135000e+000  3.4848000e+000  1.0497000e+000  4.8075000e+000  6.2502000e+000  1.4015645e+001  1.4178000e+000  4.8644000e+000  2.1260000e-001  1.5404900e+001  8.3648600e+001  6.4398782e+000
Cm  2.3024000e+000  3.8828000e+000  1.0947000e+000  5.5030000e+000  4.8629000e+000  1.4130671e+001  1.5087000e+000  5.4420000e+000  2.2120000e-001  8.2151500e+001  1.8611600e+001  6.4013564e+000
Bk  3.9615000e+000  4.7078000e+000  1.1034000e+000  5.2136000e+000  2.3627000e+000  1.3862901e+001  5.5156000e+000  1.9173500e+001  2.3300000e-001  8.2219100e+001  1.5087000e+000  6.1042375e+000
Cf  3.9176000e+000  5.1700000e+000  2.3428000e+000  1.0923000e+000  4.4169000e+000  1.3564461e+001  5.3363000e+000  7.5330000e+001  1.4895000e+000  2.1610000e-001  1.8246600e+001  5.8110877e+000

